249851
156471
231526
107050
790931
433221
659619
273743
503139
899146
671086
673061
780214
655998
493909
999248
653675
623279
778621
450672
704670
735239
963683
685682
945267
245910
225130
916621
118694
784710
804461
894295
728278
372938
854823
227347
292582
222932
632518
958530
167430
882393
688287
987092
155571
800948
576236
929288
437472
432685
707480
454316
543566
481432
278149
799527
830493
365329
960024
339597
390258
145218
662165
586374
622091
143188
921353
552776
665316
344857
128081
873514
160887
522103
319700
298791
145416
593461
423744
703925
274328
785810
595258
648898
111546
927133
632902
406374
567658
500888
867432
858022
576137
120265
332107
230885
501715
960032
885620
849364
793632
211540
570896
341003
219239
546482
688596
310791
965271
337018
870959
211411
455902
108441
845889
183470
109783
372054
945633
813247
159669
260724
546214
310313
835172
415337
153377
815173
916797
313490
290498
764996
972898
501664
571126
779789
799516
719699
260860
927287
376065
848840
419454
934037
200025
535909
630892
883164
615409
853652
404046
251483
855112
174227
443368
139057
957917
189420
946901
574940
485098
621565
328823
398664
223391
407778
267499
383786
163828
549310
785584
607737
227556
932739
831287
559179
439780
313948
574926
991007
825013
361059
382356
123950
370978
209770
914450
106807
548723
224308
685979
589970
865968
223369
104262
501132
582654
478706
628451
527984
421105
354258
283596
451188
109720
849879
905998
766108
798691
130393
453152
377761
950168
271539
950612
894424
945814
249316
932992
321003
928129
984918
756758
946087
267511
253475
479673
639962
831460
234423
961341
110932
399372
335036
895241
216748
227393
698026
559205
927649
676959
900588
550542
815295
894347
496789
435987
783948
437670
500057
375412
430443
604013
660563
262769
596293
788695
781881
507758
486558
206702
544874
540649
746400
372106
674919
182647
629607
860980
751335
758513
850619
299474
292645
638090
247136
270523
809919
171966
308000
367255
819929
516571
360301
704290
641582
750955
707684
675349
901820
914881
287514
901080
194849
499566
972980
174199
843562
839070
285635
605274
759800
448977
644652
632608
711146
621278
445007
888723
519791
203970
286106
928663
678116
285013
639362
309169
743128
885121
754165
904616
547341
443706
769977
254827
793914
550601
190087
956707
701339
978637
525208
501914
706561
936970
504924
863411
757606
990573
249937
383607
442211
254351
182863
758472
512873
630745
201878
562817
290615
160918
920917
195011
884379
570324
409316
281045
932161
157686
632979
136704
270747
132692
426520
771794
467021
279180
790276
646199
495899
201076
807620
595853
121731
361315
105020
338114
269365
396513
504016
559846
236490
563813
240689
955828
723341
897387
277807
921015
649026
291840
889862
184258
566052
801352
779550
117894
894878
139988
557546
452873
667418
715648
277928
511853
348523
490941
817815
186746
419499
405849
738527
915337
771727
637739
612761
244444
890177
453318
132962
666820
447371
860979
588237
853155
869084
451135
545449
590581
508319
695590
420772
669217
534618
797233
890858
134076
922224
728245
430168
673290
915263
534392
785318
903681
679155
968448
598104
176494
956836
651845
209269
237429
293104
166171
208863
209566
828403
186959
218613
722097
731145
664256
243020
558694
238640
828926
746014
666718
349296
738860
372244
971869
562955
109341
139587
895375
602524
411882
331849
146777
563024
543331
198466
881903
143096
610032
793052
929515
709627
464706
818048
111086
588546
658757
268496
723036
247949
676590
106396
612592
820437
485649
379501
179117
252408
280845
229919
929435
936556
154235
620932
771336
139274
805445
694560
494007
143419
557650
745641
367918
656014
106749
214143
825598
581788
655488
309700
516699
581183
556220
784637
995635
969873
523586
519485
546972
130653
518218
882593
204456
739809
875992
336063
765365
382626
601268
404589
540346
465855
717582
779677
414146
800107
253338
334376
519177
218158
462142
560814
162274
235021
349248
686434
669547
863698
275211
529422
832583
486741
162390
551161
609059
719764
430223
767805
616642
469180
481017
737394
196531
300744
778885
677378
180949
599661
870082
196175
216719
148847
776225
491411
434293
913207
109073
966806
921497
911808
275599
556316
990804
616041
424470
294298
647438
890400
863118
164032
650377
350708
370640
372556
557012
223862
928886
939773
610220
360324
147607
300836
256127
940850
809354
576852
221165
746803
314882
979441
104450
187908
306340
916209
983192
503367
801364
416891
720088
836768
199427
854384
889020
118873
502084
484457
352871
192690
977527
100177
597533
359065
326957
501975
737682
532687
840738
400253
494875
636554
257968
310114
692117
781055
188656
346428
906475
798725
653755
816151
779176
306748
261489
272568
460188
451023
354008
376757
773237
415824
452331
872835
810855
688136
414170
314469
769626
385539
161194
797401
743021
928858
390246
373974
730533
740493
675098
374595
537554
445730
105670
952424
644150
747067
235839
820387
596060
243673
388307
801769
245151
440918
923623
558134
773950
593294
969319
725560
634970
649569
215779
867219
163256
925807
207332
253620
980934
388844
200316
113582
701502
325929
756148
151288
380659
135051
819487
897246
486505
390836
647527
704903
539259
567244
525444
123533
792788
227341
130418
618027
740518
894888
939112
308932
684500
930801
296545
448469
726171
323022
480522
148502
876155
415613
801326
426783
880158
500749
927191
139540
938047
736953
450787
508302
777738
188353
232677
946236
364679
446132
384120
863651
723503
755545
874532
472034
586836
162591
994981
722920
540601
133259
146811
458635
845621
996055
251705
337216
253659
758271
398901
218509
214896
124706
599968
969887
180453
493346
473882
298178
390489
835804
331286
579366
495215
670172
564851
363661
727023
903817
535687
986008
436857
190426
926910
661057
302214
258724
206255
588258
614053
232213
435076
844910
627789
684040
203042
123112
873120
888306
174278
116612
715977
929844
130836
488769
830194
635449
767717
520974
990544
607796
340059
368621
150984
982757
913518
968455
197410
568879
536957
649634
361370
868476
304844
271579
507920
308420
636489
584175
923699
253466
616215
895984
597617
116204
528358
362294
550959
473840
469507
762826
562812
915355
481049
184896
647922
304188
867108
501869
355708
356554
215384
471446
272024
925419
728562
447835
968599
149710
504544
620916
349319
770341
313189
802665
874506
779247
183119
452364
214793
845895
190332
493519
621636
581156
399177
188803
816995
570152
241111
870660
258553
476660
146299
917688
279108
345867
411462
985543
235531
684809
538351
785031
871428
358654
964629
381115
456242
788804
776417
794909
637720
306626
522998
576121
847966
181026
704154
356588
109042
140627
904158
977675
340764
725289
240217
363269
802701
256099
314794
591153
936035
639505
585215
795574
917599
732577
810483
254199
903812
830966
148687
326636
549457
603135
225629
659246
995115
827340
134855
793546
564287
190275
445111
464777
635967
593510
196680
541712
715331
307836
613218
608164
196342
570170
276886
583021
160704
442207
913916
328163
985698
183935
154882
541951
298957
224196
703352
394553
939021
503176
418298
102962
193466
357311
697730
459388
224594
562492
651796
410264
886449
908602
431482
579024
167848
734316
932451
307148
328083
265832
218391
423207
296826
491996
604018
346860
294762
291411
810854
826151
681903
654389
934618
828167
581718
651231
278113
148809
286629
649548
749191
656616
370935
777647
123967
948586
750509
355419
577205
867990
472690
293717
726905
146653
229870
139147
328316
890902
784941
832430
500050
923002
144027
811119
212647
915528
769587
866368
540205
696899
797098
304858
843161
409790
888004
371953
775069
515644
248469
380112
390610
143514
894725
462854
921358
443448
338040
314032
334360
392223
582769
753374
781162
443601
247706
749319
221100
735173
916827
933109
644249
770717
150868
854843
882553
194845
699734
651232
999926
614021
885084
316447
961059
893861
619015
278747
626678
610571
699755
836907
762441
264701
130394
741562
763195
630430
764388
934696
471229
382349
455956
376663
319960
224412
858902
754255
445979
591480
376573
497130
149982
233997
703541
785313
214543
276936
752189
184541
878066
646703
704761
888682
936257
491662
891874
754221
984031
655537
969966
671204
961918
312606
510498
111145
253294
832882
562441
763787
639295
311798
116445
915137
423470
662157
757865
407930
126363
174916
146120
497572
180160
249245
838029
143086
316827
181125
660958
211152
793500
983747
783694
514846
260879
104441
224567
901641
997360
600182
867779
990352
179364
718697
376060
713595
543715
196457
574898
849503
892384
605672
901376
197312
152438
750744
620591
848396
854311
283325
170749
468241
946377
985578
866557
669327
998119
355663
831031
284848
710884
541897
778070
151636
304894
744584
529398
441932
851765
835117
135890
522999
868874
205543
977791
982914
756510
860617
680843
863875
573453
486838
365420
287010
332330
354680
967817
841329
659872
539169
999382
927866
583640
259579
183700
435756
606813
951786
696757
133235
593810
104225
394174
814181
360142
254604
605027
136993
889359
962776
914821
450669
746084
489967
748899
917573
743365
139002
589141
490855
436419
862826
947012
389481
641743
417133
577626
185664
688869
179353
933746
824377
574757
245811
466725
504131
849256
924657
192665
259894
567012
530609
926193
249911
949176
548189
397690
524305
798086
360606
395200
291366
635869
743597
977433
975658
140194
411518
100491
826061
279417
371885
582382
728653
569861
909045
956231
920695
147147
604256
221036
563763
962635
175332
777075
178867
319841
187571
622866
265049
382593
540162
481986
232774
489420
129024
418878
212551
993234
903142
574101
396941
242279
881410
284060
961555
590986
193412
558220
966409
251635
230560
145204
605180
339281
957732
195084
804353
521803
626102
658782
344552
608786
845259
214367
944356
767093
572732
115359
966094
496097
959293
839627
504629
584636
460039
482216
338042
126655
785116
752174
922384
945921
232612
676874
830789
555869
568499
827490
486920
189348
992245
576549
498625
339993
663056
316898
525510
846221
133923
700302
715126
303917
157953
303871
645401
506253
262375
688778
559538
256851
622641
314976
116715
985892
836967
303214
374659
108086
579034
162541
249011
604988
839430
963692
746050
704222
839222
647241
938405
309248
599075
734300
412893
195470
409007
250274
443725
318074
613150
373634
254246
856445
652402
212473
879455
735236
876139
604945
844341
166110
892555
253110
601840
192832
927420
538025
776009
612322
964830
944157
187429
375995
203337
841728
851702
396001
176343
316330
198939
390970
206979
992174
574852
659076
766669
682642
134546
346557
617295
357537
909127
798651
931426
245561
374135
611026
530466
374782
708450
852162
728392
373963
404767
881250
194085
294636
156205
294424
433403
916203
271407
444717
626938
130384
814658
401340
226293
367887
606067
616644
477921
786465
733165
911227
943940
976562
930397
736045
671645
920552
718759
655070
941471
572347
525535
669453
731521
553235
391680
854145
287409
714038
334830
992713
943412
298202
546652
410123
355020
251836
297983
162639
620221
941993
461399
525411
303440
249014
311421
562891
992820
522321
184855
865469
830216
750272
530131
342284
458302
294566
880837
142387
166611
305336
930440
447372
673866
957948
823473
876970
830823
823769
189813
444008
654034
765866
808819
652587
950773
536459
949055
131448
402630
196024
257953
651193
150340
537150
378789
434410
660320
902382
102598
915477
268979
352873
555299
269443
455148
674374
755957
762094
542590
786013
386491
100030
612887
187329
799324
338240
773275
452859
260637
921803
590756
707214
501126
142913
260683
675340
924744
341402
573731
112554
316161
491618
154111
423574
394170
373920
522539
640681
789590
384541
166261
840364
872403
381123
741732
679931
771498
890677
400673
633226
822334
692902
240567
161153
576564
190965
519027
816402
785625
849792
892330
343034
957265
180206
117253
781486
904184
203138
187132
114234
529451
478485
596834
374383
122608
791572
545288
623391
554351
281530
347015
226736
579015
327771
786282
121946
244751
718945
508213
345413
308247
818830
193876
434751
731212
478806
151247
296707
481027
845441
980194
532756
858102
328722
660322
422230
634683
604935
905084
374411
172681
121540
430282
485683
768516
797345
464743
812398
387866
212210
549723
771667
882258
311652
979717
433521
996079
639747
833408
748747
622759
949394
795752
471674
210535
387780
185964
942331
414340
311194
405954
703117
934757
477329
161412
900428
639331
613694
731857
872128
379894
637364
765456
608890
569079
756170
810083
525912
429045
296223
359043
259071
940290
673814
252358
909554
118193
437891
638727
392469
662166
793609
239746
835288
858083
851302
745640
507967
752127
243421
359461
451842
506921
924850
571526
543444
163381
586315
540680
654528
689537
316145
515080
217073
312061
142772
325842
534278
140722
929223
620870
860495
505358
452993
800274
576433
318408
167538
351046
532065
420892
922143
805593
157616
908355
705394
633954
444897
187477
812911
241778
506181
628809
734238
939806
533595
190508
619924
175363
274232
783432
887099
190758
769750
878169
546851
650434
489396
857010
357895
144957
222750
201774
269400
328608
339146
347679
854893
613839
384309
428731
739358
520957
536167
201812
134653
907225
221532
319483
786334
151975
485541
545835
324025
654612
143094
373332
989096
187094
937100
587511
915072
374817
323507
816426
592222
554172
336504
129475
215480
828634
584005
942721
120543
974640
962782
236672
637447
768408
477928
623431
536718
184211
671889
137435
999428
170235
636552
227804
412469
693637
277318
414823
930079
720957
282023
496210
866783
806856
487480
787803
486834
748665
331820
264310
990138
199821
383652
896818
879239
881491
277726
299549
852077
925844
443100
272214
983022
941868
385769
798295
617728
481973
438283
588328
846846
478949
786911
567410
601727
737775
374795
845958
103195
248581
870968
598015
947902
432641
651850
140511
158157
868793
250763
368830
228161
643989
877425
224855
241681
668059
841950
120660
417788
755831
105665
401797
201407
689378
204409
689194
453154
141702
405313
188512
499854
234913
484312
468661
274827
508879
656992
428147
610002
386720
191106
375808
748688
349729
618538
839961
500469
339329
410102
385610
267819
181181
856160
218170
719909
868440
301197
706567
352127
795480
332081
341785
894546
869940
830312
439431
807692
241063
837464
415208
766041
223622
960108
847779
270384
348272
295106
776207
118126
394671
550327
242539
180146
462059
469987
691148
194963
798452
809290
568872
900576
826062
809807
617345
692567
437792
188619
660689
464316
416466
817032
115871
715294
475883
829667
753949
529007
789900
854314
752818
484542
480075
130307
214739
658876
507923
532075
829375
788764
725942
123877
989799
899095
226046
644080
503016
129050
628668
866104
973490
476440
292156
291790
407294
667912
201323
691317
389273
872802
690311
660868
375269
491107
348299
684904
674124
894058
673826
745727
717895
451477
408364
911665
271584
237082
752365
248122
547221
606358
117889
119930
547493
728832
206472
932985
197789
950357
571439
808742
454242
820077
914723
474684
686782
859217
219216
234828
492003
560838
221396
442425
608011
836124
506321
342013
242644
464266
338123
738836
936651
450063
549429
624893
174421
766335
850806
163270
142361
285241
733298
293551
678395
359305
593924
417401
159635
411348
236182
148838
561868
736965
677902
950020
215792
322598
367527
829081
316955
135290
393435
486050
950649
337618
256027
319624
625084
582226
230001
394000
698442
716272
876262
617247
189851
646939
869996
979249
255214
891581
684312
392972
362176
578553
860066
852753
778128
608910
109686
325716
453362
820828
407852
333715
393477
366930
924901
887889
112866
847110
128491
564261
309483
283406
446251
361647
497043
984820
666511
288735
243592
335113
509705
799705
189944
523621
973842
106627
639014
843438
802495
414474
512431
864973
717827
791655
933453
516877
213665
430771
844354
124977
202839
893590
635799
129095
968552
908964
415294
585204
944940
522969
272109
588991
126837
208797
595339
559178
763722
487763
553779
147426
600455
469817
755885
449929
613260
934140
253495
641128
592750
611429
564698
857569
506732
357918
948922
999641
984255
772184
859016
392436
222040
211726
694533
978699
414861
345747
284925
766233
454747
286594
491117
220023
249480
975270
738645
476986
892696
929575
535116
906973
261931
487901
339652
702528
799397
254187
394459
439348
902710
204271
217850
179346
165781
176084
283780
806398
853570
273255
421626
133183
148208
929483
606094
620194
351681
169980
598172
705043
333823
341253
395337
355248
791788
989268
348637
355252
544171
451328
678182
493534
823086
936187
665368
950515
480416
705160
612351
455417
947576
562156
250481
244104
517290
725607
512066
577948
575359
745532
231854
212908
593693
958536
155813
632747
633165
898886
927001
400347
325472
153571
479326
698868
574874
280212
491870
689745
868236
398612
640612
910758
322731
948284
534922
715413
523165
849919
427480
887285
788365
836220
443040
120796
377155
513149
612835
592234
213777
378782
191204
931815
363619
625112
718185
784967
254708
630270
541990
265117
746868
263035
759717
917477
625940
751400
350021
533794
193636
182161
602049
379587
394794
696000
530305
195565
332875
643611
206720
493602
325727
641068
667088
221141
579175
834378
559117
469343
320564
373470
454963
393462
874364
116393
872281
960087
509051
667773
379687
239764
665057
237968
968430
558586
284110
161693
209555
288073
902182
101105
535830
125271
557016
338272
416948
617419
401325
447007
918627
330355
336929
281971
420413
618403
530331
611350
404821
227114
433149
573466
922169
852019
642361
714293
211127
299598
670839
760523
652813
942150
486418
158138
977743
456108
957748
215165
512521
156701
275408
766594
712438
168792
748258
888374
469677
237752
567481
776330
432059
406117
343298
644858
651305
683938
314700
642183
541885
831765
645725
775856
703658
684671
302186
428664
192952
490926
456201
454841
646921
272461
877573
710022
635462
785983
325073
327056
752768
953055
771926
799672
511259
739075
316665
684216
983169
713918
855345
764007
256010
904375
107395
707488
706749
417989
146335
216516
925634
356516
644024
320707
182148
548051
961188
465655
306872
706766
135810
508444
615794
957274
278711
415905
924003
263301
383634
469159
959185
595106
494016
804121
347782
240986
986349
352415
985229
964535
711939
769716
488443
245754
189641
226951
379403
886462
428549
903232
815570
564379
528276
660646
958048
138210
476960
214407
150630
550772
665101
684748
344706
754027
454992
449904
575661
221747
186305
873856
426856
716098
690123
689068
219961
535567
609045
880157
473003
204652
691619
923588
577382
732602
773936
962583
565360
762378
704905
459479
930195
942832
420127
870261
549815
768199
933487
910084
637151
949801
593801
415502
657153
745667
986187
239032
481144
585600
843442
215878
902622
712947
976094
861544
692715
829798
668328
847500
975185
406215
377899
999163
520947
354540
758192
583882
257919
439020
342201
754142
505090
385634
914721
264686
168432
764754
697805
205171
719628
607608
711759
711822
668589
781664
619731
654442
711766
271285
960567
338933
609317
598005
697900
441153
270187
967760
875327
890068
729696
259420
212501
533881
452867
204375
741695
323093
777424
494159
871907
197864
296644
136354
554298
689988
512903
867660
915229
994583
458248
483875
779082
127456
840894
347556
277553
636869
844154
665208
136135
614115
142977
979557
744158
653306
638472
161077
717632
808255
493309
901356
566812
101276
365714
315447
798532
193416
229621
532431
200611
735137
718604
250148
412315
562182
899398
189859
231998
905924
856545
217315
133119
686901
575914
195211
726586
677182
669723
581261
455537
566293
574006
761181
307499
386411
831133
579863
580596
610521
946484
920871
748566
800131
338349
214183
942994
756818
555378
116877
218883
208282
728551
752050
696879
700324
559350
813635
577734
797594
149996
389375
724531
840567
168810
409613
667573
336205
762667
169397
338462
795498
428015
614011
877590
380936
833248
809679
613777
830964
626868
886450
997275
871374
135131
438706
583310
691084
581390
104819
219434
486830
147582
587767
478093
922118
269588
520463
489659
691630
974361
226783
108599
836168
909386
476739
587765
590808
135496
274441
854527
639453
328234
401830
623636
159402
231483
885572
210780
357421
206293
465744
907667
699630
554831
170418
899039
381307
666102
969275
146575
827114
161692
938657
245580
299434
790318
373696
480292
818537
850672
146645
654478
347141
985230
966653
839142
351133
780211
168965
891124
759000
384220
235172
759051
404789
634641
829783
423861
740631
527405
515109
101005
910200
365126
638914
713908
589084
481345
895650
688606
336846
782924
415790
207914
676881
803633
429787
985874
326263
367363
312398
110339
712713
461479
816009
863587
506121
716963
220471
153160
387138
211717
153167
892971
669672
874580
726519
303557
120006
947830
926219
386623
854571
702399
816554
484062
177783
715063
471592
960117
523985
127375
518414
850604
398578
761750
537065
878565
764446
763348
544119
971518
289128
680418
897931
570344
135033
781713
151909
345375
202154
541187
594272
392433
308152
365482
293070
557617
371990
620244
154953
192312
826574
222439
463438
739037
669775
617810
501607
664453
831913
910136
867895
860112
505955
935610
856397
860435
328857
290414
673020
358729
983344
288264
946809
580242
327082
921011
388088
667124
696467
132541
814425
452108
580364
724757
282679
238270
645440
367329
176672
703316
254499
614100
259306
710013
520024
438861
270286
150006
933898
566945
786456
315058
160041
436671
906617
849531
911105
775193
865255
701913
307435
443958
827282
339905
704813
518809
546076
451602
500523
601547
672089
399633
300196
929818
597420
206794
283898
409785
555144
443203
731970
497066
328362
877613
678887
341493
238526
661683
590507
848150
640735
681642
794160
547171
899678
489586
635612
939577
975221
918111
568095
185554
330400
744719
356275
710523
911336
100989
501948
320186
573050
691657
331139
530696
544137
301745
440689
697055
166767
486144
931196
466365
768231
723584
514741
635751
177611
263596
122077
996852
748105
724072
800103
440346
884194
810966
651035
127866
753932
695993
361055
876335
198180
125823
581185
192861
374371
721739
204246
197104
361861
312680
998015
146328
966096
709037
141464
192323
255765
490741
802174
940874
527466
939310
292258
507874
187497
554988
422369
368165
782727
439328
108014
832702
123400
140631
524837
491777
167199
147712
254790
700696
366902
498765
589120
607886
266810
298290
456411
948588
518811
979956
740796
788746
471715
892024
686229
779813
397916
275025
160831
362611
266247
560689
619804
165201
770276
813002
549948
982398
414072
318673
848250
231429
199649
228870
432824
487201
821488
913585
140758
416957
145325
736381
461670
185671
304260
841279
883773
836014
258497
828310
651857
630532
853527
180299
198231
984721
290342
772980
242288
547218
584439
999574
160869
518769
541594
954189
838593
183589
267132
204626
770504
781249
662970
893888
826881
284030
410428
521955
809981
493010
648024
243863
462023
219781
438937
602554
363320
679743
128895
596470
102384
103867
563150
614730
870443
681225
426541
475758
673589
470739
705098
503347
857606
174422
832650
799176
801316
567301
561641
255443
776072
504216
166288
844174
106651
221917
478844
891353
514743
967043
165805
927076
811457
710294
879361
930395
367258
717380
716824
862756
777164
583024
212602
906523
158686
126056
497145
238355
199578
440234
235824
247950
992977
748985
473551
924082
327960
594305
214822
571766
382801
539809
886303
267294
868640
996285
474823
551141
116688
171140
584033
531559
150330
322245
616279
353202
279971
149296
306581
204197
752118
623953
710540
627548
536604
219843
479038
438328
757036
527934
530267
561147
227582
409925
104920
402325
275724
736158
767688
488384
295791
273371
968394
481046
830213
809444
531217
525135
320983
807947
767021
659920
157092
111836
475334
690515
227946
121803
830025
148004
815970
918188
146602
151800
172582
379438
525832
442096
319130
804119
751920
383286
829669
798157
487767
140367
683966
858954
509150
854662
688565
504621
649276
630768
917759
525796
355359
748217
732834
117981
953207
201067
772421
915090
521162
161902
548351
275604
466273
170291
103661
632193
494512
968825
648934
560732
296251
836392
139013
818530
590695
673203
927525
927061
388068
265058
825823
972977
702118
945347
337246
513484
163064
107108
945409
274836
153990
510428
817911
752524
298978
973274
633883
532411
853420
464579
585778
830808
815730
539531
129169
746197
415410
957067
404387
397439
389526
668972
422260
728431
410763
114098
133352
989634
155339
326547
477475
375788
953385
682573
296856
575245
556539
297355
820234
842493
186682
115324
425250
905876
239143
109494
831573
340621
855391
443288
102744
398965
782747
364406
523979
725532
912197
805879
643046
281119
777658
416566
482154
308199
767724
399934
702430
407371
700409
437201
729875
787627
135550
536868
820062
680233
824125
526804
492488
592104
789754
367689
563363
379746
789550
792396
949507
555136
907095
376887
722444
206225
629642
940397
523567
881315
927315
701664
384995
320550
645538
495648
731620
721037
506052
160684
782875
181016
671912
133965
475328
459582
482307
867879
214574
165270
197413
199513
652151
854243
710853
569279
184425
292592
795507
960711
598215
949921
412471
119080
465877
401662
483317
499077
505570
448164
388509
382449
381239
256976
764813
110553
794017
480514
191001
381490
115235
320555
161734
924972
270161
820507
325808
554281
707088
622876
896651
194561
581822
691709
211679
923567
721803
223209
756141
514836
501819
321260
872824
373841
372572
516602
142318
353746
831067
541132
515220
266083
681675
197205
576519
147021
144266
192044
600588
583008
947002
198369
687583
206580
810481
244063
958882
814577
255175
681127
426217
390732
936736
117556
398949
354703
199746
639246
812605
486355
819546
104921
540550
779396
602094
187191
501754
160418
975337
435978
338219
803317
561604
473075
654340
865187
138835
967485
206721
223671
294639
578710
934455
461627
933466
341043
874927
461113
243761
936975
760378
375158
880062
821752
652171
701753
325907
624395
757137
131767
154624
336296
530994
967338
107718
323508
363313
313188
132712
202779
224027
140670
490669
380778
841855
943833
890058
856728
300571
130608
412283
904620
901986
115554
681997
531458
169370
548877
148651
108752
758279
428092
684326
748120
457878
634232
742048
511947
946718
686563
196126
784940
556319
602924
295112
900585
993702
751511
793463
256786
331111
410305
814620
388265
312624
789294
936971
826531
263712
435829
881113
581836
980079
440765
798505
505505
692271
567421
532842
241747
323006
638740
855920
289478
949229
716524
742691
503547
936790
733660
442615
857896
713173
240704
283054
981848
210797
924840
347602
744852
861159
876557
928264
351805
628677
606142
971485
206726
627173
235858
432614
818710
811688
538433
901751
825388
153397
181396
393328
671202
506666
316512
928612
766272
274115
127624
514727
685045
689762
677618
958817
461491
475581
974008
257714
740420
480569
412050
236829
702000
853646
654401
219004
948095
357523
846753
407870
299566
286860
611913
367110
540426
635113
938808
301093
707263
208296
336617
536378
336223
973366
786022
525387
510872
517799
356299
612510
785913
810714
472233
107095
105427
243586
472334
762093
798733
870036
743946
182353
601172
782576
966249
930179
963143
768784
915595
406016
773169
398931
473906
618849
796790
367926
234010
380419
612255
407441
392154
389028
212099
785698
993521
958291
754428
259744
195951
943980
649465
162868
749879
189317
570374
212547
911716
112756
450360
285440
216486
795809
300474
343273
539829
397846
607590
786895
818453
567456
260151
781088
167653
747962
876461
951327
475295
863829
875337
310669
951254
448580
454292
278608
526236
583093
545818
417538
120981
278473
963104
414913
725966
929382
586032
205300
447677
373593
665863
978817
135749
964931
666540
990836
820938
232495
377631
945908
989329
141408
776037
341684
835081
827101
569952
475523
608008
442598
944604
170096
423643
914479
881708
977185
244511
915340
977513
762930
295460
113091
534233
260287
394044
346733
258160
549144
794777
117066
590008
983479
965093
178581
869397
613201
337280
391597
811018
554853
955362
883588
943323
332472
606327
920079
528116
694815
413909
587734
220505
828536
151681
675092
925556
640174
809997
714328
512832
927733
658915
679391
434799
403107
743798
445966
396523
943001
844460
309093
720692
976358
553973
667561
684904
931260
817861
568255
148379
438982
438126
597274
710949
661792
703151
857745
475168
373479
541366
941402
137470
861277
995498
823928
137543
545201
629388
874758
194997
535164
407585
990748
588141
689281
635533
812609
158180
673733
968821
617670
507836
970507
861735
780976
311654
888938
375204
744335
809254
647508
164893
815302
194223
523137
738279
489615
552873
551240
523757
474460
572619
814787
917516
427488
148249
377330
560551
125008
778934
229650
197582
308228
350695
807444
286644
894497
295277
847513
331515
988863
182150
296667
349916
678112
962189
214508
500363
871137
565854
941692
816011
724979
576697
651216
322709
145144
686572
405001
846666
153652
300910
629085
679273
723993
349773
643036
344881
810050
689461
149440
527411
789537
225631
419162
127780
972820
131357
600453
751659
371323
446467
217132
628267
352846
507415
271288
923651
682778
832023
456279
269232
694744
158463
507716
942079
402392
646640
909813
532004
740929
483940
201845
103011
300204
359290
718284
793521
301484
362405
694346
554249
513325
310961
843040
451176
149508
471134
608181
252826
492285
964895
635957
161831
156022
271447
190539
654431
109919
243757
704513
498795
757719
339783
842121
851330
141759
282346
140203
410042
810043
316257
953812
116119
994580
685648
714552
782401
795877
223051
974826
458119
452442
766374
233945
694866
947069
368870
890533
134431
999864
816081
402904
212342
147528
330600
251671
610400
510576
965259
981874
961442
428576
163783
612973
243688
652227
966503
208615
779784
334295
776860
615685
575391
286502
295232
335911
253889
640486
760909
522990
638344
705562
476111
187553
966677
791143
258146
976280
807484
465019
293819
992776
307483
790188
208660
345693
153507
445007
971352
446626
752889
701575
195575
917237
439957
989958
285611
479574
171202
792750
757012
426670
315132
344413
691318
454388
313948
271978
853607
633542
459269
737516
498818
804018
875486
216470
527445
680482
615239
514291
640390
316438
890376
615592
682130
226420
953987
450912
583320
483261
258853
998840
967837
395394
226018
269443
570978
886976
598009
369534
473631
855868
492913
172346
491882
582980
383863
601055
520896
813852
840818
907578
577581
765962
547755
689476
629530
423232
913900
579641
668155
685815
567597
768313
534423
451048
704333
881664
203239
297847
742155
947322
110861
843683
511591
782190
928255
965548
645650
337944
640323
742176
951118
118456
990146
499242
291302
263871
352506
258974
969225
165963
580751
801460
369984
779960
810824
357349
497363
703588
581003
495249
828398
873646
197264
956306
242591
893663
220569
495253
165906
121666
919032
372586
460336
802762
442289
980498
397896
951345
891733
452790
857587
369846
392684
288862
224817
985551
742813
751503
702639
307837
715751
899566
839262
671818
616674
261373
678897
289899
443274
383818
787259
743717
177833
996916
461426
420857
129469
454013
278717
779792
244571
445302
653677
701997
957823
138687
387071
626040
112430
390319
491646
819257
418268
818557
535121
805008
860230
454344
541421
471102
715363
433161
547164
726517
956359
940367
269114
863353
882946
762455
198922
413129
560088
431806
956432
391143
595740
757580
124849
749806
192629
299609
603021
550612
674744
723307
664775
185192
508089
234238
383993
244064
966286
218268
311691
299124
748113
155718
670931
638131
853380
877449
122249
259641
529514
874241
718801
841497
249853
922985
603315
766007
201139
242718
744189
946125
927749
538686
583414
413115
777874
232316
193908
802249
536047
953327
408102
953933
211241
871402
637496
784244
908435
492083
354558
790427
328288
654916
237323
911342
274192
198339
151401
566005
437946
571591
655454
862104
283400
173689
864046
755653
841643
951889
844649
416680
921256
353159
737411
635566
503556
786178
905394
355164
365432
624813
245806
362708
141512
330852
180753
674245
582842
323249
438853
120117
605900
282504
675415
111749
130362
849508
101370
833859
277566
876373
580416
677048
188044
801087
280992
307416
632250
898897
473764
592494
407742
146618
730957
388938
849189
822504
224070
360284
376548
244530
965860
117204
226557
332435
212207
150004
114793
439285
460969
720546
304763
532719
474080
659570
701974
164530
553969
110293
286433
551853
967364
338296
827305
323216
248671
917109
551674
636895
403611
866636
125906
542797
801513
740888
763779
996747
626915
198270
283696
840123
416419
624248
210217
435906
244409
264690
150399
464364
801113
424016
789019
383763
906726
308573
657240
812344
889383
885067
171659
709110
362384
509171
886069
886666
767490
122147
732466
568981
399208
331365
741292
651885
757121
415327
933660
876090
103155
424245
994718
695600
743561
758618
172833
450295
794988
774607
874433
144273
604959
274408
425238
240164
610641
576260
582524
661678
245379
979708
220407
991068
866019
309813
529193
783855
519691
432723
965619
607853
137445
844956
599473
470892
695692
811738
922373
943274
152678
361608
158128
154552
512468
451985
389906
746488
141640
446875
820735
929145
974551
944855
771837
978736
587344
778815
916581
393453
709162
359108
949703
555875
325382
102320
502205
242082
228068
154006
814855
678449
869432
530560
121708
259073
647409
943127
375027
659488
385002
211837
347428
559039
476993
953536
332975
558224
141499
833512
685494
760327
546113
591225
421669
523329
230960
598022
269698
831197
701285
219775
451465
435116
109622
167402
456159
710798
762770
366434
533057
887697
950793
780775
925659
785188
286520
418424
592431
905068
316602
650433
611913
924459
928755
438380
937053
720932
784945
389477
678684
276729
622252
262264
732616
986382
436627
486252
921302
261949
820611
257925
976716
790748
642061
973511
322572
829653
267064
606129
158421
552742
583251
380820
895454
754423
864819
232421
910821
186114
602959
690253
940552
743712
731364
834500
125244
465417
336750
937222
894305
846775
648617
905280
964629
245521
256783
695666
944015
395247
842445
853768
242150
467658
466983
504846
260787
721919
462932
469785
342033
246006
835321
598736
547930
839319
588055
864659
212570
261841
179409
652711
804146
723323
948620
624896
172290
758054
926978
655737
591104
860688
294998
521295
796741
252482
953868
928158
350054
212106
194230
634392
186620
414695
867716
881163
595684
601144
873685
151997
658570
556189
815375
925609
490245
226904
634770
307397
612008
347193
825270
667704
387070
327421
516050
439140
125898
113510
914055
282461
771782
272920
338976
480760
212712
840441
623521
383316
528402
691344
955893
776179
869629
418841
965094
355253
650926
213812
745190
112430
882864
262477
312165
928917
927763
777770
569096
375751
912559
734369
664738
781184
566699
950937
999450
943198
376134
753250
180993
827806
982507
139015
432828
554546
393417
473609
384424
191423
525204
273737
416748
178006
514277
981269
941422
310197
596443
599284
184064
382508
920568
742065
854270
593456
117482
476539
961473
498814
172642
771204
663856
554894
583953
690358
433845
973663
212304
578844
545212
875322
950151
819817
621400
423965
984227
501105
343257
991891
748215
322746
299194
795530
727731
527454
102513
266434
290510
518376
633210
600220
635614
753429
851182
412715
879744
432161
265483
341461
863097
157434
546434
786817
705469
860858
271730
177252
812972
603800
244935
860857
249096
831453
930364
237656
736374
378410
976586
467157
119039
967243
583739
984687
555329
106071
753125
482464
791551
661292
618235
403506
365841
885923
795040
452516
549324
522515
992016
275296
821855
120504
990094
796215
778623
656987
954727
399624
229793
788315
428614
566428
730996
379746
887790
392724
871694
815213
562563
245130
313038
375651
251510
643256
125378
519586
530247
682224
299795
776058
600771
672496
311074
780508
686465
900334
695737
542265
175169
994904
854341
400993
420675
647933
820438
769486
587024
996668
607269
791095
512286
877776
293135
215445
994040
728474
368131
993682
174622
249530
904987
119122
478985
920371
561624
311624
942655
340600
688308
247444
834626
268284
486923
788947
463257
448319
651762
612899
258637
996205
399961
230440
782108
548953
413350
243258
157848
211154
243708
683790
411808
308316
750308
999237
399835
111492
134567
197464
994330
696816
412913
412660
989880
376035
933489
364619
795856
557654
791497
337135
670850
894324
360471
726502
397449
209311
410136
717741
866243
771554
788126
432582
926534
190734
889452
716639
152139
518095
745316
172013
272160
155360
140480
186889
785730
795622
921748
368922
136965
737367
356589
246975
510136
785728
960247
777096
295710
842761
511276
888390
121205
826472
973080
830893
236124
303325
983804
667235
762896
376968
892373
733483
223897
437200
732612
811469
290421
369930
336236
837243
881593
596108
214742
321713
618431
453587
608762
413146
944470
189716
648348
763977
385136
723766
531892
511919
167224
629436
123840
213510
510093
962387
944168
413388
313351
103759
263335
879652
286157
955525
532762
651986
624444
278690
408416
979983
567704
194664
347956
657441
289416
972402
772201
786601
139739
153369
667903
173014
770875
961055
557825
117988
407338
474432
226400
658966
915824
475329
850738
252886
240133
768881
500721
365596
852199
209252
612019
320275
751776
657551
727212
785405
784081
549125
549221
721002
313228
460467
369085
774593
840323
612291
105421
635986
852037
222996
922460
466275
237773
867976
904666
554019
242175
724939
925243
556129
759659
705743
526586
915733
634834
581540
559070
763649
812917
101282
594158
244776
752778
577657
672333
458148
938411
137828
371903
738368
893819
770890
764263
613090
131864
152349
303569
750405
585604
291770
791952
933964
939438
227231
754614
752292
590335
132500
943084
863241
889195
706868
529147
144182
410267
586981
122439
625774
274473
160578
667365
502747
765758
845020
815831
794576
669629
291940
405744
485135
600225
119972
292781
428775
618543
523908
455015
771192
275756
558297
711765
988232
905007
266701
553204
514176
537543
166003
358401
129803
163300
127394
757744
700020
656017
206733
575361
187633
994471
240143
351003
172498
383167
326911
762774
266885
115402
987804
760448
149350
244468
628715
868756
119237
650922
246618
509488
755157
663045
905205
846157
786973
565015
232747
474630
248721
925445
961957
915796
161654
794523
680736
160365
727449
695494
951274
282820
224377
950263
575695
473128
182071
459170
866152
246674
119941
808509
226360
134910
761331
923392
315082
650684
165714
435866
656572
276865
506198
161698
324972
501688
759265
180436
558356
508128
640067
765904
509958
358211
384536
563972
468971
943481
283010
555624
761116
680153
528128
298139
474146
523799
626341
579501
119415
193662
817840
459063
367400
451210
156057
419111
703785
962603
965769
150400
782637
315881
176376
563170
261938
941751
800664
673023
329273
668576
602416
621778
462912
584905
627176
967949
990752
880326
692906
262543
767636
566630
389781
566623
892803
748861
859660
753514
490920
858833
497900
174160
152405
596203
558893
738464
630663
669688
829073
949205
812859
779064
893937
897168
917806
739624
681254
875435
417034
940985
774975
451391
937712
161302
160088
172887
622574
885411
695444
625704
468412
272506
728639
217495
521722
615482
629435
358420
426284
306154
901638
331282
511376
969499
210394
618132
247859
487260
596921
100876
595189
287525
324842
526199
445806
555016
568483
506936
122529
677805
179023
891842
836574
653719
423659
240153
162256
590385
802467
160406
575248
599433
429620
790039
932092
868391
912189
338169
673241
956090
171217
403148
296473
327755
161606
258434
697340
578644
923846
813666
336781
616101
555663
265359
973964
468067
878140
220447
320787
132913
756714
349523
702897
689104
774968
921272
857650
976578
984846
595855
501721
807371
224234
199148
650329
515332
781748
798623
229491
417243
978325
313795
803410
862793
341502
175521
249098
488570
488268
983920
235037
522772
863067
720669
772261
843856
624311
699553
138432
858384
216629
991899
690381
668600
220844
684351
787446
839802
475948
892656
932574
488429
660771
933736
427027
440581
674956
804347
820186
728806
878185
126747
437487
116158
171926
412984
884616
304466
695654
519303
776696
602667
780066
438890
195292
531204
167553
625379
315023
686301
409192
704665
727245
564174
766855
827218
261251
579623
733133
458149
251599
302477
538215
708776
292877
191707
109380
509921
482595
400224
305281
534324
294289
464013
174740
284684
300769
498295
640599
365665
238557
616566
401799
503402
187330
647870
171528
218621
369149
989252
720134
758121
686770
963465
873650
730554
308101
720103
700872
305284
712132
550891
144263
215208
861459
238771
691726
305651
488849
472427
114702
338317
634360
393649
838390
828636
468444
669475
692772
994268
647166
101219
273140
256359
375274
667856
241460
993693
856528
122707
264692
223507
974878
472550
342943
860625
808640
522059
841637
129086
241726
981091
751116
841772
888856
413359
491499
404265
945280
154614
969521
254013
174226
190830
140561
230091
350928
332131
853091
925259
662661
364129
236419
228044
993940
371189
897779
506120
806147
337284
556707
609625
514670
675460
836450
639234
650854
325044
237826
418102
365199
926671
864999
522282
522541
338143
287136
340111
119033
196692
705772
610832
237640
865515
741051
837882
353803
393764
829686
535418
590475
751035
971983
863309
681256
388216
362354
563522
300232
531249
277223
387962
149023
772847
467933
332846
543301
945595
363532
698083
937387
713485
597273
549010
277136
675498
617177
362254
172591
776045
218189
265373
225493
360715
453690
600449
778944
860042
288863
956441
893992
641388
822628
743235
720648
581457
778220
248364
732482
165276
898870
721515
978401
972943
740663
559049
961899
404000
217135
820125
620970
814647
669802
637246
942871
402418
175225
894839
686496
487041
641802
293457
189941
220393
846996
253596
835732
852259
727165
164422
796549
482366
427226
753057
105105
679027
636782
165696
280203
148142
507442
896450
509427
316840
476737
356786
535777
699534
569803
684036
819328
203864
646119
458539
355935
105393
347907
909508
273063
556992
310778
843578
677995
493375
684955
471543
235225
646694
785114
370208
884114
678811
430537
770219
810618
526487
250965
306017
366765
126802
933314
686539
222419
379681
967597
227763
776836
737450
705608
901810
342672
782193
806646
801450
395989
961795
481470
782437
938617
852699
404456
806014
753233
673199
869873
309015
868064
306935
205574
610178
491869
675780
883971
491693
488288
834079
755415
290692
223608
328956
439961
460674
989157
887843
850878
263458
565038
399892
362303
793446
898551
796332
960912
830701
570354
416068
295312
220864
169215
548996
894525
753054
582207
584228
996399
816409
752725
748471
305938
993037
492514
439475
962623
824798
748271
886285
651908
124210
628067
407025
193695
475826
809798
356007
762157
160161
855330
133595
480581
680895
652412
386039
954330
436492
833158
315853
749204
565877
607552
203090
978347
474113
218989
771631
281542
645739
727545
413101
799965
426067
490272
594099
622331
307365
149665
196019
803528
150671
978192
288502
385818
841565
478488
109150
526266
499691
174797
679807
633051
298835
470786
255896
292034
335535
749579
930115
736841
508993
605697
231859
979286
593317
318323
176704
928603
701377
494754
856419
680354
735619
874136
983947
872504
187697
872308
228845
916691
496124
986617
833634
319509
312928
930403
265425
401473
618394
733496
300472
585979
405404
765256
859241
970951
493237
529184
180429
208729
680960
175607
631696
534673
778257
583298
459203
292734
994968
263041
355957
540721
574677
136325
725760
314001
586809
920564
880281
193492
902561
679486
230654
965585
827135
157425
787478
871561
513066
448580
327046
903774
870531
932451
561262
558087
504433
200232
251249
774553
589876
165547
193282
943303
280773
814268
113146
261143
572211
991077
285126
498920
982739
490216
601910
791432
670618
959643
305068
237487
296854
592539
701162
416831
130643
955734
545001
836370
216925
104898
859790
252146
392425
187444
895789
236836
572128
689046
848665
431015
124359
909965
250222
450144
445622
247122
868766
380879
627345
654438
622293
416832
202494
351239
141494
249439
962162
316529
620078
395610
457226
540750
684826
272396
823026
778974
542390
776232
703810
275954
494892
783308
699045
379021
927744
597328
906775
500140
109975
351512
476030
830379
738145
431435
793605
559244
546037
993658
118013
227291
678611
800321
336764
962084
628510
589804
617507
762921
126570
136994
220973
764703
407743
550428
207703
230244
742789
241919
598710
970552
299019
785597
863606
479025
475440
291363
370366
529935
593989
230287
238248
293660
277199
942841
900785
430604
234269
538117
381777
278909
634465
549995
496625
280209
578770
832617
688840
259319
841084
454755
194042
619912
781121
538754
265638
252328
652360
471332
849384
403123
663206
931501
867290
805638
627330
522311
513948
960829
559904
175193
967708
385027
186400
984716
680973
691626
161341
899871
507555
704491
240746
844687
978746
736312
269046
370776
277745
382889
248002
136806
209539
131433
184340
193402
432401
941608
600217
202272
368978
166895
334971
213043
701444
459289
314951
545531
298316
550437
399181
143599
600602
803036
887226
655791
528443
756199
294322
837661
659227
877569
451101
753199
789020
180719
494358
552243
611431
558894
653415
846883
601242
830026
371104
455932
176308
275488
916956
409781
873017
666081
853770
733463
788745
436447
154806
613160
763084
310449
524194
937814
670565
969849
379118
253086
318339
502179
781398
618480
366151
175947
625150
835063
698856
591478
501369
261659
716758
269789
302988
760127
271647
522602
565831
401578
848641
427354
101065
953444
981827
828786
848258
415216
556441
582110
608812
886706
719428
251299
572220
828781
739758
480927
663148
710976
516445
610906
384300
988458
141366
327895
975162
966325
769929
789429
174849
606551
686835
278059
769121
747178
125701
114589
565011
853961
298977
588314
936803
778835
548772
428884
241112
409369
583443
886608
764985
247749
318914
458022
961494
832318
176957
497534
203759
234756
883141
197471
962859
542366
203147
985760
206236
902625
149630
600392
667854
292973
335341
304270
612065
205442
984032
806944
263338
922998
917021
951911
327502
931007
345556
687917
830831
443311
640674
803765
983525
967624
281172
871158
363780
918323
145509
360600
727414
315898
132072
267089
628769
203295
338121
451773
880605
224020
983296
936166
737813
469437
371048
470720
434559
738736
322842
120598
292871
377728
669527
328641
187446
852039
984859
198131
833810
492653
165590
356921
376482
847667
531853
946178
371904
234249
405529
910503
135207
682265
438079
131319
375918
713293
947083
818276
793180
284986
658992
447365
474333
372372
162279
861499
922302
307982
435273
196724
964631
666056
372610
164387
260521
246045
510833
177008
284543
151079
294499
280111
380001
309848
819372
958598
763475
207919
971786
999257
211306
852039
390631
250238
393401
563516
102955
485147
618614
757266
793028
547011
791223
758507
985994
511786
135834
934749
634852
280041
896630
383902
967290
850083
193312
845218
975985
601778
240321
703112
350981
830244
702991
402776
614182
833525
208705
976122
177362
329015
262097
257312
630395
856372
606902
688407
483758
237337
435537
666953
477730
512219
759332
200002
452326
422148
806866
837238
331086
131483
748919
516200
210200
862977
890292
704475
641448
367126
164523
620440
711621
304945
509515
387951
603496
976090
230188
625944
997805
592045
605552
284098
824827
386795
149689
316125
769870
740947
482112
945703
189540
486085
134153
580839
826108
253484
957869
213844
245161
121656
569639
539215
232692
356390
439981
150043
240885
762797
588477
870460
853602
456231
707069
562933
206794
687293
307648
851819
985063
607167
507153
672004
814485
210974
103404
221610
737156
827050
676963
653510
106532
522479
121453
514539
930051
557751
807647
920152
161818
739962
111067
709847
424481
222430
729308
893097
218589
459137
169781
955636
740013
110279
755108
419196
310307
106901
478044
285698
531877
994975
524562
857576
850115
381041
748006
916091
924795
977729
993265
591709
528969
784504
891959
504560
232103
775069
446408
816522
615387
702234
448733
399541
131144
554395
453639
884916
146565
103591
993722
909111
746962
130514
629044
223517
226552
103254
325675
675097
140407
739285
530009
823111
830026
572494
418257
178877
586621
296216
788780
138514
783592
785152
483888
811310
382310
270685
452850
461271
734114
629646
733440
507795
676640
160746
531455
985028
580914
298303
260761
178410
213035
671988
417266
140399
451044
549280
244108
271038
972861
745296
403717
430702
323969
340915
956801
121915
828737
354071
780207
251915
836147
864945
198831
152074
203380
722634
372964
714928
318708
374332
451061
307939
543560
427600
607244
693886
312729
783068
806551
417370
843734
294115
467220
909376
668105
659325
516310
539320
431338
764051
782826
351864
937364
491005
457339
503721
521688
693325
603217
351392
303772
224258
838938
306549
214304
994774
263519
697665
800484
896827
370696
569920
945584
498334
877142
182662
247595
395944
480413
663483
939185
175150
671132
119855
518277
170534
278343
332291
318652
348686
616025
611348
756336
450310
363159
711758
863034
876200
582290
464678
393787
858037
160917
669284
641162
636111
222852
654877
850466
269337
299250
941912
902564
930777
403734
835035
681810
735163
424431
990863
846114
207456
908062
465962
172351
862044
784106
685456
622918
351834
464947
606971
110913
983649
293229
314031
268832
890745
889623
677646
243511
318996
877600
694109
997025
689419
699246
680880
312350
326560
771742
329408
525232
853261
199601
575963
851604
286337
127607
629839
529056
525495
688847
784504
440289
756675
818223
649964
261816
295407
988423
591001
225627
118659
510046
773995
467995
678501
753037
624799
714582
729765
351328
254348
623780
554090
980764
936254
191127
645912
883053
978161
491366
477308
400541
957831
317073
682032
714683
753065
517787
867758
530126
917200
905540
715438
695064
754588
683847
149056
702664
260517
509700
962400
922897
400116
446776
160001
415295
633891
651016
623169
865489
575842
132144
863765
242509
809753
230876
652825
781889
348809
254864
383249
440751
254693
360548
527300
639607
697791
684929
819265
613382
875063
925983
506956
288144
281878
391438
503170
134961
954878
999654
197759
263131
960715
473776
842427
218791
579196
686767
841904
514820
398771
140497
123253
506372
176311
127311
628453
360978
692326
454170
706243
400224
931091
249220
879438
184916
139067
445663
216601
541697
522055
752780
946679
405130
283871
928400
785149
129700
219370
267645
202883
290805
786636
742108
258133
215392
497343
533060
210615
513425
989847
753287
141376
353613
428864
241077
391397
533589
502201
303571
990360
430820
244502
825267
557923
811665
105888
636200
340224
166618
738344
818461
437854
366850
940299
532271
585614
217864
411608
712638
303003
598130
254472
283471
588049
166368
560804
309400
761286
420384
486411
517048
448635
155230
370768
984853
323836
500435
623046
355818
986655
967018
336976
124661
350923
407726
624742
177312
422890
991573
751528
350511
211102
631732
823668
188092
106913
229296
278266
875731
671699
954977
191046
108124
110190
294043
621330
394554
523732
901946
510025
502125
209660
656106
756532
792825
567936
145556
739331
608118
945972
133938
906479
222510
681224
451948
123098
622973
376170
487287
508577
398687
471725
489050
319330
635512
967877
155338
904990
317880
609172
271855
632525
898183
102884
352067
736093
828526
641787
883797
232088
602167
734544
759332
214333
622206
924274
281160
676606
486884
127656
664344
257649
580273
313093
893310
588406
713080
214215
586238
393632
257449
507896
183866
965582
934110
763405
154821
516390
412619
597662
226174
217759
152465
498845
279504
204225
642519
111300
837931
296025
846846
898172
379838
185737
848342
266510
490460
880544
615094
475306
539586
459105
709582
754574
584026
734453
626539
554964
602090
827028
952868
361663
235242
250684
340618
629331
417445
845183
952616
846323
454952
210549
362619
206932
268247
720173
492173
376598
950503
157684
885526
628228
289063
802772
545802
463665
713741
579761
458452
994557
893219
515249
684972
569586
623462
888665
818360
133784
561613
251230
942585
930395
426024
191493
673289
724023
245244
378397
960289
301625
964295
817088
679818
551110
146845
898903
529351
121664
932985
651024
154714
704635
155179
399913
592653
779593
284141
579909
122243
460352
921411
486369
544276
938332
958093
116116
496319
559745
768280
563312
690774
656354
231237
884378
102272
383735
848382
226853
282324
442742
448305
839019
587500
595886
582703
410519
827848
952539
196679
840947
969673
759495
209260
566975
665944
961337
274878
124173
782646
470059
609985
481477
680920
413219
980798
774998
471043
300978
275695
466621
928560
909210
222716
296751
654666
523212
141351
257551
512136
817902
983961
564454
287758
201775
920741
537583
740607
940491
239569
717361
443534
680710
423002
543283
853543
183495
587790
461806
653882
547222
987398
638365
993447
600689
518710
943726
497808
960918
783419
608429
240569
143919
380682
837503
880524
639921
512594
901527
772346
318309
528022
495849
784402
284129
399595
600855
794571
205435
696904
644517
806102
614114
808027
974348
805060
264472
836652
823948
158613
918458
118169
556777
956360
784138
519474
518000
705248
722983
456987
967836
819891
971999
675171
213319
983980
741447
459010
766848
378586
385785
431606
571022
277511
217241
783787
218363
883381
152384
901638
120589
469307
119866
726544
797441
151695
793871
849361
897599
133478
969520
440029
330691
951745
519469
225287
110182
102179
650136
266099
248365
312808
986019
734740
111621
714982
494069
444112
757706
529339
259012
872559
403704
327049
512181
733101
451218
998012
870878
792195
429946
838812
659259
863200
524695
391271
219204
627186
652471
310602
305675
511977
153096
118034
243965
159752
712268
221535
694692
189333
566321
624033
206397
758354
476377
468634
145340
297596
663416
152345
817868
990209
153609
656451
834799
758106
772109
973228
322973
814718
299494
206335
786459
644927
487698
458346
489495
940796
812280
656467
999334
267836
336734
206270
742283
684473
890418
605602
185669
174488
420201
314387
722293
950479
849772
990071
691241
190545
542182
149019
637156
515154
624994
852651
598753
723916
729937
336513
243642
704389
225599
496559
693635
392737
367612
232433
755208
689000
849323
868040
243323
674992
231166
919143
858919
889982
445695
248690
826203
661246
754840
699642
554636
406252
389808
805489
541333
398299
732239
665513
776786
348988
893406
777673
385557
988306
595457
699615
219342
170845
236169
249389
455265
830486
561154
788447
253201
212291
594435
483730
158473
599462
880694
339934
243781
550183
128561
449833
492923
397862
503679
988495
368094
823548
206044
831540
127189
137635
238478
490938
207144
512943
959729
727969
635231
754052
147666
163074
299759
460463
559779
483905
970313
720642
936419
759147
149015
617277
111501
799148
726507
991490
840583
539244
255241
244432
955024
472534
759405
920010
692726
216691
937850
301439
739259
245012
925086
594934
624218
218240
816879
190874
484355
933978
431481
464182
185698
514872
143726
911610
907573
673139
533899
533132
184271
358738
568302
965411
336119
786854
373898
671522
583055
617905
471433
456486
469283
801842
508101
469881
598581
825611
452551
139938
703070
415769
959000
498945
960014
364394
543861
876460
507626
458967
635107
436727
819080
186010
331374
661242
153021
971871
171483
379534
623981
671035
186839
461085
588027
736415
306373
150510
449817
435017
830104
143466
136916
587570
865297
706379
184880
615972
835969
588866
602233
868338
328669
359407
437288
899126
345978
791243
887663
271118
859626
518841
196956
728460
223948
887678
969215
744829
212987
235929
737050
211983
620751
655248
899963
862030
222684
246279
416586
807984
224353
309593
936060
886450
586314
169230
406795
857534
199802
877672
506838
781885
326841
863802
335230
790297
875818
647803
511235
352344
791619
420309
326057
260026
829298
249169
242353
121690
916805
167251
363525
317279
544017
733156
964270
946812
655155
744384
991215
274471
253110
951768
938551
285253
308577
962746
695934
531571
600481
435196
739782
173455
849157
448891
624959
324214
891240
652078
247340
649246
776235
609477
628053
640356
888958
304392
382206
886061
719467
722587
232369
108026
266648
561426
549984
450909
820060
134380
155167
398540
291577
707981
307301
157557
760226
555935
678317
595110
694875
119279
481593
956927
730359
816574
783515
841163
403206
494371
479280
320850
540577
326613
874558
111168
870019
508089
827342
359590
264976
835560
202857
720427
789807
495953
258588
547811
966492
113595
692498
954706
191304
241475
871406
725521
719574
450051
692646
893535
946602
946304
719010
317224
283373
792634
266217
734795
389803
172165
503828
222177
561047
758090
270775
768537
330737
783569
485651
277681
494527
919612
614905
380711
133749
906111
893104
291376
938787
519959
518767
694349
735857
620975
407071
544628
156880
770809
741278
479223
320188
807493
514144
493059
511071
198232
935336
737597
150212
593042
661725
889179
178992
697020
996871
760836
968278
584044
777102
837417
674912
719924
118793
819557
326696
947775
958470
872897
775420
259517
338834
732137
767113
270624
774492
182267
524184
126328
456998
801391
727061
911582
866898
452778
975499
365131
572305
456927
137668
563283
789301
756479
891251
384589
524568
111971
850349
970924
260401
818296
806773
782797
363423
938555
454167
742790
718579
663373
493906
547737
238338
362011
747975
591147
487962
858366
181862
567859
175218
896113
526987
205456
878213
671867
467372
443749
250127
320758
203669
573789
620653
601190
676752
453573
944415
378558
896398
898650
652895
282619
987926
135864
347050
521228
390409
937181
375863
741987
396743
195242
342149
405900
515451
619097
943601
275338
169445
670453
973634
168117
190954
872415
619287
888899
345048
432340
235794
174571
410817
929007
280819
233852
377975
753861
186875
267328
372031
973418
156855
875287
722684
801546
256269
889186
505810
566030
212863
599861
743725
240779
599127
317510
104535
548678
939920
928984
161487
468521
245669
864883
437798
171730
256458
583854
426621
901109
902997
487642
970620
810533
261833
150275
574849
293640
655973
996284
215677
564061
128737
102830
470585
849200
628165
707699
790597
232880
296838
353768
624254
228271
600108
643586
653999
610339
690692
666305
127554
584155
333112
539672
360885
355285
540209
738179
210532
324454
571722
174941
658901
393633
705111
791331
291513
581727
106877
391831
306855
905925
772376
497529
176177
574831
888389
485788
707822
180108
564739
269561
309027
652538
623690
884543
849899
154319
705046
417342
133711
611746
988719
157279
119837
503922
601529
402614
980804
594540
788786
100136
837929
238300
327259
545454
573158
112435
335701
520032
748640
397324
616045
633187
296883
326019
785214
133300
800372
447583
764130
891951
798438
458092
145710
730762
178768
864720
487566
657369
910240
882227
461444
788430
788049
659064
708577
750379
673807
843850
634505
558794
722653
338801
524230
341193
154651
166328
795187
149458
132986
835434
991758
453301
699191
184558
542467
579248
807679
477770
226805
146155
862553
650866
687467
150481
672864
272447
263911
555942
261524
893504
639272
944430
823608
178806
709682
199966
247217
889803
886592
417348
932790
129529
183768
317380
948837
870232
443334
175322
449956
315813
179554
716574
125518
697425
211491
756812
451243
739444
956072
607082
322904
987933
402386
355720
349760
755130
763015
254007
835755
980574
512516
884011
779671
998947
935529
786783
248633
599452
867199
261131
914101
981828
817306
200024
604482
752757
762870
415307
923505
582845
433823
726789
458515
672234
511666
447833
868501
353545
756533
409404
383764
677227
572207
259689
985426
224030
337235
944814
298752
685610
369794
496396
241155
303063
902863
242312
223947
197028
358163
232741
400805
336453
813692
677901
797111
276647
734038
987921
268888
586893
123413
406791
662321
719119
439965
671514
426502
789256
883476
540549
411233
647146
407523
809163
179272
789325
401249
498929
793855
532735
700996
188692
921777
652648
699027
330868
628617
442106
394618
784858
335230
693462
472128
578131
289073
663243
857190
708120
953399
378591
477067
603031
834786
691770
611718
317924
974354
297131
267813
909019
292487
377597
568950
299358
501189
161887
814456
712851
817431
814499
779848
548792
852587
825335
487485
669297
607486
784591
812528
486224
811537
746930
232214
692619
879632
994644
590437
209719
783534
996002
788158
530105
135934
942339
899440
645702
811482
420987
357344
863429
628986
443350
312512
193404
323861
878951
391318
906800
385779
147485
611739
298985
929560
717869
409569
486127
224261
143628
738850
763744
474639
484816
831248
583703
172957
496521
274338
495913
735676
716757
742046
676738
907506
598048
398146
393437
499834
585483
410014
319948
872879
302382
321637
968088
388217
990542
989210
904622
124778
857917
384491
580971
946475
855867
931176
129985
809709
622635
717615
716265
972455
893570
442618
689633
331405
864364
667434
436046
529883
121674
845941
803603
627374
313770
690865
420428
693332
944714
203999
348471
295464
107308
550370
238036
187748
929880
863311
983899
703750
964615
742971
953412
702662
576701
535256
624434
906134
550334
496348
462082
822196
319271
376357
147653
602997
738403
163864
991060
323940
763997
527518
498847
481636
166476
921501
531436
684547
766606
189264
557323
516286
675583
364958
475378
313221
140424
698899
683650
702481
116100
560910
346255
270426
568272
257625
564553
545491
842046
800038
975894
871225
525476
477296
783111
710686
778173
324675
540191
388866
277271
743478
953045
207788
998200
546008
589098
736706
148367
140285
598335
914278
392606
820770
771850
656190
705020
107010
203559
121106
513076
807893
301937
223279
727966
972206
695242
347679
623312
238306
174815
889690
611389
241701
351105
853880
940141
110148
581095
128760
742194
729951
842079
993833
398214
985779
391865
275497
925605
602420
481311
482596
694972
784046
444823
528890
539769
821930
881747
348089
632495
794661
380338
358142
153679
627415
148527
181107
145725
447818
310336
495242
946096
358442
190594
954640
654657
228128
427709
553483
636805
186944
964336
477304
396782
801526
723630
517803
826338
839626
473472
453503
130259
614627
352859
341548
332235
266104
980972
703951
222879
455578
590247
889720
622942
844098
342581
237738
917190
237277
566580
689062
419616
693967
166025
430749
593745
111580
305697
697740
712673
249476
823493
211562
268351
311094
643350
805528
790431
108525
127502
232014
530611
165695
297146
782703
481815
464577
465347
793431
613456
600709
751534
518674
165695
626463
247201
861406
972444
555178
124405
250560
591790
358397
543556
277438
237769
922046
194408
234324
878972
605074
762662
832764
908503
461229
738134
935222
642140
344155
489929
112781
449804
821530
865574
539669
259428
646018
579232
111351
775254
120902
747977
618228
474012
261250
793223
450497
409164
230472
627407
395029
989028
404816
980071
801193
743843
363899
152226
789463
341762
863218
726910
702506
436734
504269
501282
710231
294090
586093
234262
728034
350343
897591
897939
277676
231029
732924
828502
189548
786385
519953
256260
980372
807181
128248
883210
525840
934235
454820
903221
813624
400784
354938
918029
986477
722963
456477
329858
583044
683304
440899
471942
980423
900342
547243
462412
527459
264272
647101
548045
602746
380151
389555
818840
655938
975057
959067
194694
215131
154823
717422
940861
347786
273269
212425
855109
856562
145772
686497
189086
609621
436258
742165
738531
630574
474134
901134
452616
899493
920028
454024
685101
586351
674397
104580
132596
507980
135183
411818
475351
656193
384473
643632
243084
485273
415574
785813
756886
440132
678347
941352
663250
130558
936726
385148
185383
828329
138804
513493
682901
629759
496728
405033
508818
613347
597424
590491
213969
719480
731281
602917
914041
882351
615728
967341
862913
837254
746455
879757
544081
732480
589304
226200
676577
305871
900441
143117
198499
499906
568200
881965
611793
537324
247686
570092
914028
504419
322525
269110
117783
329384
418922
469566
571698
503016
471177
873606
205643
828377
284804
665294
420820
848586
187924
460763
585182
468439
250642
682845
337001
675940
579461
322857
210663
206068
862027
223368
305274
279139
678112
790997
428673
184049
596286
746193
786401
242414
898063
736594
882284
478884
166627
440005
901269
887976
252259
333547
777738
782877
409198
307282
353648
842690
631967
525505
113514
582931
357413
915341
977845
594083
433326
753860
575042
652196
964124
172057
377958
191460
417036
520060
827794
635299
614819
705899
313183
839845
748492
735837
415904
211909
658512
257849
267455
799299
598678
139513
361394
812294
180643
231248
648354
643065
373818
203934
844491
140048
468734
861466
125872
629192
684829
968097
436107
520857
576531
497256
762765
183898
521980
170191
114536
320791
869762
318669
108293
336222
567354
343047
234834
668663
227803
882139
937390
192307
980980
808525
305777
736982
686753
224057
539058
473857
396866
707331
896419
843708
658142
984063
839824
650187
452430
874254
480916
441233
438814
584021
681651
650841
438509
861695
252665
871354
522749
253102
958551
944610
400567
725262
269950
202467
961864
887270
901757
651255
747962
263009
447672
596643
983380
827723
416690
387287
504359
332606
993736
375244
689772
956048
165269
603429
996767
960220
606581
237703
257059
839223
582464
971532
394895
898381
110436
346597
477620
782141
256773
151621
530114
580938
558753
416833
740132
506491
691978
420668
994725
188101
381942
941109
427508
871634
740559
848688
863525
939580
887815
921480
653486
532277
436678
176925
373172
816963
266876
407336
825068
761803
326631
484159
894190
946450
650585
189684
277368
928830
406498
574414
899975
299654
723153
932340
955232
205275
801288
101731
150198
399254
974211
500503
547158
205230
533294
158122
620741
175292
624099
629662
365354
368299
228599
967601
436989
113500
854477
515063
377220
689400
342320
314295
700060
328907
406514
887747
679586
205307
550096
102145
199775
122576
453624
101086
753417
962261
166021
841780
326629
619951
819549
964404
126123
179583
641941
628379
448227
821349
291717
874389
627177
224709
728438
640644
618507
727790
609926
941735
410918
692468
452192
348568
837663
931691
899722
885312
975472
383398
283990
500634
413624
671250
301605
776126
435726
945913
959986
429440
225987
980435
906546
189109
112040
155107
473339
443227
629610
644366
478144
469514
770768
848575
883653
445788
966248
678697
334941
586247
852630
159361
641455
399318
135717
493354
240053
168912
841615
231286
277755
325596
994189
601488
774047
171112
215743
417728
745679
368962
163404
835007
816928
448672
106240
316935
698198
954476
603036
492860
181350
574969
696762
667061
787723
621396
407336
305261
380295
910832
161479
154562
780669
151467
946108
288025
822950
166253
557218
800640
130311
172538
237617
435198
323017
168107
657395
230454
998759
371438
624789
396682
656143
904648
180391
235405
892091
271248
413811
534103
166976
586087
332478
304587
902859
686639
671314
495413
913932
792307
805161
685300
600716
876042
328215
764650
142707
421198
259604
168786
338409
824111
749046
911722
893317
719324
744162
748030
445047
344113
945802
839311
643111
157527
366387
331455
678199
454212
434344
652562
968115
753166
765129
857917
667078
884716
976821
533392
420891
620532
260497
374529
255954
925709
914300
956107
500999
200293
235804
122464
317286
901865
939169
267902
595771
550524
710869
872161
491888
401302
630406
457513
520451
158628
110662
175371
370191
361995
889827
564212
946749
460515
865352
505911
915737
317823
277192
754808
153972
456706
298312
640466
578664
341627
949293
798785
175424
904615
585981
548638
729833
879595
778825
271831
459862
593122
821300
530127
788957
353251
241128
238259
790647
837111
349749
425240
604690
117125
683277
134368
559234
233320
473394
274042
666518
359850
999793
790278
411408
180735
236716
254496
617627
378457
332352
762345
282966
346304
805293
565312
304178
970145
729500
632089
247884
744698
775541
599220
102834
225507
164429
552049
401213
809253
710558
843020
665084
753468
291442
846970
694145
989470
541905
864492
911608
115447
528194
293288
179943
791827
386504
580573
261414
387370
461330
844587
287738
379488
314190
786269
194620
414738
176553
547701
317191
447201
120209
631023
366671
150003
392215
480485
425117
969689
330378
537936
885511
926160
840263
878814
430886
373904
686890
597821
906756
859764
951698
248135
355273
785849
142247
569814
290850
571665
720712
155820
477869
623933
426142
790563
805005
250595
973036
839770
322709
434655
649174
645540
904167
453728
321412
439048
362602
223961
480893
311952
217941
667187
134831
513117
975608
817109
520844
415598
808548
535410
913182
400989
523547
425916
942976
964146
539659
352459
877709
965350
660405
479251
733755
135200
615080
772537
247861
700523
594492
858294
355007
435768
411756
561360
717838
417202
528396
479883
946089
990149
995800
469065
903234
763437
395869
954596
640802
902584
480674
413399
698163
647636
374448
366442
203354
584242
977496
813125
136667
625629
755716
654262
266040
394269
806777
916049
624147
462836
399159
166199
677511
823573
171597
435396
811272
924081
191108
534069
894872
609583
955865
171967
689521
621777
809210
437091
694702
540094
795543
464784
791441
122548
591493
977037
266172
343270
162418
898279
245671
723319
549147
399137
142488
571091
623010
665537
973964
819489
211056
787837
445218
643388
857528
694624
819529
320874
716255
478312
744701
118688
872226
264156
412801
971007
107197
124394
619945
702546
826870
850323
553601
147331
801651
969557
366491
617085
960452
181553
804184
715863
324261
690052
802110
364833
650848
706550
885810
512805
954775
894568
372179
505181
594376
630205
884409
989449
409151
821030
668318
635493
436264
733752
250131
742207
428103
643687
283602
487178
408439
546887
582546
492427
410468
161543
439229
168300
731590
388939
914628
723929
486139
368394
170841
915724
279919
830076
652505
922858
709259
461798
618599
994065
375282
303215
687700
222128
720284
807018
686204
323509
374903
874203
937182
533877
959927
173979
806395
752726
708414
237032
148730
570757
603737
828335
233185
347593
545143
146013
476726
315916
404357
